Dialed Calls
3 4 7 3 0 4 1 4 2 6 3 7 3 8 1 2 3 3 14 4 3 6 5 5 2 2 4 2 3 3 3 1 9 12 4 2 2 3 2 2 40 2 3 10 4 7 20 8 4 4 5 42 2 7 8 2 3 11 7 593 3 0 10 2 7 6 12 66 16 4 6 1 6 1 5 2 2707 2 3 12 1 46 5 4 7 4 1 2 7 9 0 14 6 2 7 2 5 6 2 4 0 3 4 5 48 4 7 3 3 3 9 15 443 3 4 12 3 4 15 3 5 21 1 49 23 2 13 12 6


Recieved Calls
10 7 5 8 2 2 1 2 4 4 5 11 3 5 4 4 5 2 8 4 5 4 8 5 3 3 5 4 2 1 8 4 15 6 6 3 6 4 6 0 56 2 10 8 5 4 14 21 4 5 5 39 6 5 11 3 1 3 3 794 7 0 8 4 4 2 0 55 4 6 6 3 7 1 8 1 2979 2 5 4 2 41 7 8 5 6 2 1 5 7 2 11 9 1 4 5 7 18 5 4 1 2 4 4 47 6 3 2 1 1 3 8 389 2 12 2 5 3 3 2 4 15 2 35 17 5 15 10 10



Sent SMS
0 2 1 4 0 0 0 0 2 0 1 0 0 3 0 2 0 1 5 0 1 0 42 0 0 0 0 0 0 0 6 0 2 1 2 0 0 0 0 0 10 0 1 2 2 20 5 1 0 4 5 26 0 0 6 0 0 0 0 130 0 0 0 0 0 0 0 55 11 1 0 1 0 0 2 1 63 0 0 0 2 8 1 0 35 3 0 0 0 0 0 6 0 0 0 0 3 0 0 3 0 2 2 2 25 1 0 6 0 0 0 2 47 0 0 0 2 8 2 0 5 3 0 2 0 0 6 3 0


Recieved SMS
4 5 4 6 4 4 2 3 5 2 9 2 1 2 2 2 2 9 10 2 0 9 20 4 6 2 1 14 3 3 4 5 4 4 4 1 10 2 2 0 20 1 4 5 9 0 15 6 7 6 5 32 10 6 17 8 6 5 4 260 2 3 9 1 5 2 1 6 0 4 3 2 2 0 7 1 235 3 2 5 2 14 5 6 51 7 4 2 1 7 1 9 6 1 5 13 8 6 3 8 3 5 3 3 50 2 5 8 3 6 2 8 83 12 4 0 4 10 6 2 5 7 10 9 7 2 3 4 2
